----
Test 1
##
528
314
706
404 747 498 498 685 631 326 788 787 843 744 485 629 352 736 267 431 581 798 602 725 555 568 49 22 691 932 374 874 737 842 267 601 963 582 966 440 498 493 879 169 596 869 478 550 411 486 418 259 50 406 457 561 874 402 669 985 542 596 310 676 553 168 521 93 640 547 677 74 532 538 438 324 30 819 693 378 516 170 674 719 86 13 86 48 851 439 241 296 681 807 385 28 355 434 312 363 176 929 756 959 971 128 404 88 759 196 516 69 259 669 262 309 328 502 62 35 106 677 339 29 569 623 954 170 17 585 104 501 562 384 468 796 657 426 332 842 664 435 434 320 174 874 120 341 604 889 622 708 791 567 71 912 637 727 29 701 550 143 576 967 121 243 62 227 39 796 256 893 733 90 926 137 312 888 1 583 740 560 392 237 939 385 899 291 350 249 276 591 856 226 665 981 238 956 612 18 562 468 277 540 456 24 586 383 83 459 630 394 398 423 808 54 455 532 881 788 174 900 332 953 942 252 191 869 732 989 353 835 818 614 571 402 475 618 894 661 956 338 556 681 697 601 141 67 677 825 577 372 351 626 858 258 800 799 566 742 629 819 453 792 959 178 697 130 701 707 887 523 251 569 50 28 233 633 726 151 621 410 600 282 235 622 248 253 396 361 1 112 157 788 612 958 898 283 597 100 994 722 874 628 403 924 2 295 438 339 164 431 847 738 716 651 71 827 677 544 857 959 641 868 490 969 146 713 806 947 399 958 692 904 440 966 54 887 460 464 624 530 817 233 175 45 777 480 251 578 83 241 148 358 327 764 943 512 676 869 290 637 216 128 184 555 864 915 359 321 984 216 451 799 965 199 398 871 630 426 306 10 853 526 16 165 154 611 693 997 839 194 846 472 779 648 719 882 507 839 496 687 817 371 503 349 321 889 487 964 524 211 263 542 421 388 245 334 123 229 819 612 700 563 456 327 529 213 423 920 86 915 231 191 593 22 608 400 870 630 169 486 846 981 695 706 550 776 789 341 835 448 482 932 106 916 415 831 995 477 189 299 130 297 797 381 81 313 118 313 277 295 620 248 975 83 471 444 120 544 614 65 174 368 284 594 337 335 271 770 449 751 670 995 979 598 267 167 163 227 256 299 863 384 544 50 681 681 179 277 407 901 73 769 828 359 741 935 996 207 680 813 958 101 399 126 67 943 291 207 813
##
997 997 997 997 997 997 997 997 997 997 997 997 997 997 997 997 997 997 997 997 997 997 997 997 997 997 997 997 997 997 997 997 997 997 997 997 997 997 997 997 997 997 997 997 997 997 997 997 997 997 997 997 997 997 997 997 997 997 997 997 997 997 997 997 997 997 997 997 997 997 997 997 997 997 997 997 997 997 997 997 997 997 997 997 997 997 997 997 997 997 997 997 997 997 997 997 997 997 997 997 997 997 997 997 997 997 997 997 997 997 997 997 997 997 997 997 997 997 997 997 997 997 997 997 997 997 997 997 997 997 997 997 997 997 997 997 997 997 997 997 997 997 997 997 997 997 997 997 997 997 997 997 997 997 997 997 997 997 997 997 997 997 997 997 997 997 997 997 997 997 997 997 997 997 997 997 997 997 997 997 997 997 997 997 997 997 997 997 997 997 997 997 997 997 997 997 997 997 997 997 997 997 997 997 997 997 997 997 997 997 997 997 997 997 997 997 997 997 997 997 997 997 997 997 997 997 997 997 997 997 997 997 997 997 997 997 997 997 997 997 997 997 997 997 997 997 997 997 997 997 997 997 997 997 997 997 997 997 997 997 997 997 997 997 997 997 997 997 997 997 997 997 997 997 997 997 997 997 997 997 997 997 997 997 997 997 997 997 997 997 997 997 997 997 997 997 997 997 997 997 997 997 997 997 997 997 997 997 997 997 997 997 997 997 827 677 544 857 959 641 868 490 969 146 713 806 947 399 958 692 904 440 966 54 887 460 464 624 530 817 233 175 45 777 480 251 578 83 241 148 358 327 764 943 512 676 869 290 637 216 128 184 555 864 915 359 321 984 216 451 799 965 199 398 871 630 426 306 10 853 526 16 165 154 611 693 997 839 194 846 472 779 648 719 882 507 839 496 687 817 371 503 349 321 889 487 964 524 211 263 542 421 388 245 334 123 229 819 612 700 563 456 327 529 213 423 920 86 915 231 191 593 22 608 400 870 630 169 486 846 981 695 706 550 776 789 341 835 448 482 932 106 916 415 831 995 477 189 299 130 297 797 381 81 313 118 313 277 295 620 248 975 83 471 444 120 544 614 65 174 368 284 594 337 335 271 770 449 751 670 995 979 598 267 167 163 227 256 299 863 384 544 50 681 681 179 277 407 901 73 769 828 359 741 935 996 207 680 813 958 101 399 126 67 943 291 207 813
----
Test 2
##
718
243
262
982 858 493 793 110 599 302 682 248 119 863 48 883 171 889 540 130 695 733 269 992 493 822 502 314 976 792 357 435 484 753 550 881 647 865 936 415 479 785 279 108 647 947 783 481 50 39 486 361 373 362 415 898 830 295 623 548 706 851 362 443 858 300 355 447 309 507 706 584 120 893 96 671 979 894 333 708 73 582 518 797 194 82 536 813 224 979 283 950 580 855 642 300 421 585 470 481 423 482 490 708 65 717 624 241 446 784 973 945 694 467 275 469 923 742 279 870 143 958 405 114 448 897 167 103 142 922 276 148 142 249 386 891 441 173 723 515 289 820 524 734 860 66 583 403 478 577 82 532 138 889 684 408 323 215 85 748 79 939 664 162 660 922 615 714 801 928 708 368 550 728 504 541 506 393 817 716 826 878 893 27 594 891 213 834 229 768 545 272 823 204 730 730 245 701 605 807 744 241 393 798 785 364 445 798 610 138 816 287 683 654 66 31 698 391 609 300 109 716 317 766 442 627 603 997 984 616 539 519 149 512 146 566 917 377 745 112 364 906 352 772 751 284 276 15 169 394 249 732 681 455 154 755 57 835 703 203 785 407 772 867 892 493 534 336 339 687 645 500 693 254 65 123 180 805 925 832 75 242 193 500 946 688 343 694 153 635 74 275 397 528 27 239 935 838 873 46 596 96 236 210 357 40 831 295 704 902 583 109 181 200 669 372 840 106 397 175 416 238 570 677 525 525 669 823 38 795 538 333 792 543 489 322 369 944 482 163 622 878 325 778 280 984 404 490 469 811 138 376 874 686 219 176 434 218 300 509 955 604 32 176 55 98 264 562 861 647 64 772 737 863 399 727 49 265 532 589 886 430 520 421 831 691 635 787 341 174 902 548 102 734 453 915 730 501 67 297 326 643 728 528 197 970 259 112 683 486 119 526 769 476 961 326 105 390 844 665 128 623 722 671 510 717 208 863 962 825 548 100 279 72 709 95 781 209 702 744 181 827 955 494 412 441 688 329 127 539 490 824 562 47 613 607 411 285 140 735 552 89 595 712 726 286 225 212 618 808 158 493 706 229 874 613 321 881 257 338 225 63 35 458 635 892 410 834 243 80 642 360 787 640 642 449 667 610 892 926 452 31 31 460 672 78 476 493 867 931 177 914 597 295 956 757 910 248 946 482 169 211 948 683 453 851 530 437 580 412 602 970 762 263 320 861 363 479 894 418 450 385 355 648 390 849 388 925 820 722 317 951 790 992 374 699 601 103 358 692 690 885 489 182 645 596 562 547 652 704 190 719 373 225 435 832 841 20 257 648 477 531 714 604 202 127 94 708 609 313 172 305 42 892 569 172 532 113 938 905 109 4 99 357 540 582 528 218 843 309 623 381 848 774 136 881 97 430 615 755 11 326 401 950 219 169 711 868 607 818 592 588 768 847 701 501 353 762 772 55 215 371 204 135 368 715 785 811 920 753 64 363 532 190 959 481 885 5 908 19 244 964 698 573 245 600 577 985 540 339 216 498 185 292 200 263 804 66 902 127 420 940 849 591 40 560 957 549 55 32 317 277 276 411 301 208 114 710 776 993 517 794 671 173 23 752 848 929 423 788 822 971 593 502 93 280 896 725 803 750 840
##
997 997 997 997 997 997 997 997 997 997 997 997 997 997 997 997 997 997 997 997 997 997 997 997 997 997 997 997 997 997 997 997 997 997 997 997 997 997 997 997 997 997 997 997 997 997 997 997 997 997 997 997 997 997 997 997 997 997 997 997 997 997 997 997 997 997 997 997 997 997 997 997 997 997 997 997 997 997 997 997 997 997 997 997 997 997 997 997 997 997 997 997 997 997 997 997 997 997 997 997 997 997 997 997 997 997 997 997 997 997 997 997 997 997 997 997 997 997 997 997 997 997 997 997 997 997 997 997 997 997 997 997 997 997 997 997 997 997 997 997 997 997 997 997 997 997 997 997 997 997 997 997 997 997 997 997 997 997 997 997 997 997 997 997 997 997 997 997 997 997 997 997 997 997 997 997 997 997 997 997 997 997 997 997 997 997 997 997 997 997 997 997 997 997 997 997 997 997 997 997 997 997 997 997 997 997 997 997 997 997 997 997 997 997 997 997 997 997 997 997 997 997 997 997 997 984 984 984 984 984 984 984 984 984 984 984 984 984 984 984 984 984 984 276 15 169 394 249 732 681 455 154 755 57 835 703 203 785 407 772 867 892 493 534 336 339 687 645 500 693 254 65 123 180 805 925 832 75 242 193 500 946 688 343 694 153 635 74 275 397 528 27 239 935 838 873 46 596 96 236 210 357 40 831 295 704 902 583 109 181 200 669 372 840 106 397 175 416 238 570 677 525 525 669 823 38 795 538 333 792 543 489 322 369 944 482 163 622 878 325 778 280 984 404 490 469 811 138 376 874 686 219 176 434 218 300 509 955 604 32 176 55 98 264 562 861 647 64 772 737 863 399 727 49 265 532 589 886 430 520 421 831 691 635 787 341 174 902 548 102 734 453 915 730 501 67 297 326 643 728 528 197 970 259 112 683 486 119 526 769 476 961 326 105 390 844 665 128 623 722 671 510 717 208 863 962 825 548 100 279 72 709 95 781 209 702 744 181 827 955 494 412 441 688 329 127 539 490 824 562 47 613 607 411 285 140 735 552 89 595 712 726 286 225 212 618 808 158 493 706 229 874 613 321 881 257 338 225 63 35 458 635 892 410 834 243 80 642 360 787 640 642 449 667 610 892 926 452 31 31 460 672 78 476 493 867 931 177 914 597 295 956 757 910 248 946 482 169 211 948 683 453 851 530 437 580 412 602 970 762 263 320 861 363 479 894 418 450 385 355 648 390 849 388 925 820 722 317 951 790 992 374 699 601 103 358 692 690 885 489 182 645 596 562 547 652 704 190 719 373 225 435 832 841 20 257 648 477 531 714 604 202 127 94 708 609 313 172 305 42 892 569 172 532 113 938 905 109 4 99 357 540 582 528 218 843 309 623 381 848 774 136 881 97 430 615 755 11 326 401 950 219 169 711 868 607 818 592 588 768 847 701 501 353 762 772 55 215 371 204 135 368 715 785 811 920 753 64 363 532 190 959 481 885 5 908 19 244 964 698 573 245 600 577 985 540 339 216 498 185 292 200 263 804 66 902 127 420 940 849 591 40 560 957 549 55 32 317 277 276 411 301 208 114 710 776 993 517 794 671 173 23 752 848 929 423 788 822 971 593 502 93 280 896 725 803 750 840
----
Test 3
##
215
387
288
2 1000 937 415 1000 883 31 85 989 15 804 823 618 436 792 766 545 824 405 725 755 753 909 177 524 789 5 656 962 342 213 858 756 682 842 319 531 599 857 900 917 652 473 193 919 672 707 479 682 719 183 441 343 759 657 389 608 449 572 868 633 536 493 263 465 146 388 554 928 758 449 488 455 615 382 10 386 220 114 284 169 107 983 41 902 617 520 228 183 929 529 238 759 861 147 478 59 254 57 682 540 86 174 698 463 864 177 597 335 449 993 993 75 568 721 744 23 580 939 775 977 373 216 349 614 708 903 639 638 627 506 128 26 243 708 484 707 541 933 227 900 167 60 235 123 793 321 22 867 922 404 608 107 82 645 948 987 758 50 773 431 68 230 224 255 28 853 757 104 633 298 600 160 41 212 608 672 95 548 408 533 713 450 677 693 620 836 584 703 656 883 812 473 880 879 635 834 288 812 601 107 41 813 280 525 148 522 942 486 375 259 76 378 915 567
##
1000 1000 1000 1000 1000 1000 1000 1000 1000 1000 1000 1000 1000 1000 1000 1000 1000 1000 1000 1000 1000 1000 1000 1000 1000 1000 1000 1000 1000 1000 1000 1000 1000 1000 1000 1000 1000 1000 1000 1000 1000 1000 1000 1000 1000 1000 1000 1000 1000 1000 1000 1000 1000 1000 1000 1000 1000 1000 1000 1000 1000 1000 1000 1000 1000 1000 1000 1000 1000 1000 1000 1000 1000 1000 1000 1000 1000 1000 1000 1000 1000 1000 1000 1000 1000 1000 1000 1000 1000 1000 1000 1000 1000 1000 1000 1000 1000 1000 1000 1000 1000 1000 1000 1000 1000 1000 1000 1000 1000 1000 1000 1000 1000 1000 1000 1000 1000 1000 1000 1000 1000 1000 1000 1000 1000 1000 1000 1000 1000 1000 1000 1000 1000 1000 1000 1000 1000 1000 1000 1000 1000 1000 1000 1000 1000 1000 1000 1000 1000 1000 1000 1000 1000 1000 1000 1000 1000 1000 1000 1000 1000 1000 1000 1000 1000 1000 1000 1000 1000 1000 1000 1000 1000 1000 1000 1000 1000 1000 1000 1000 1000 1000 1000 1000 1000 1000 1000 1000 1000 1000 1000 1000 1000 1000 1000 1000 1000 1000 1000 1000 1000 1000 1000 1000 1000 1000 1000 1000 1000 1000 1000 1000 1000 1000 1000
----
Test 4
##
462
455
352
550 7 307 259 568 54 374 672 960 372 782 260 836 610 334 40 738 232 789 444 499 533 13 126 797 271 598 824 36 247 299 381 701 821 181 353 207 91 956 495 952 208 300 664 520 898 518 830 374 426 828 518 390 761 706 76 51 675 696 440 247 640 254 518 547 43 490 428 533 345 609 874 571 635 230 89 49 95 547 415 593 757 2 283 222 463 17 432 305 568 660 540 72 854 489 908 179 717 179 126 421 161 168 994 66 363 858 44 211 975 226 222 736 554 993 87 343 10 642 305 674 347 278 109 647 647 303 182 257 841 433 294 614 255 458 22 444 471 712 901 306 44 975 995 840 549 353 280 409 574 76 58 991 450 856 571 186 354 153 633 206 529 42 6 553 195 761 417 602 631 821 3 261 538 685 785 485 480 112 643 218 369 886 869 271 687 578 713 684 761 112 528 599 278 684 935 6 704 586 229 574 411 161 80 847 290 335 488 111 57 796 822 871 64 548 878 9 565 436 536 339 392 361 400 511 449 162 31 792 976 876 319 864 88 342 451 423 265 785 702 160 526 810 909 877 804 341 611 312 694 528 72 586 946 703 230 284 544 76 578 385 746 872 539 201 164 554 998 943 149 809 176 994 498 514 612 719 858 238 164 609 274 709 601 745 7 931 586 857 950 129 228 280 731 16 614 609 770 915 959 489 613 700 379 293 571 280 954 622 78 168 466 166 482 776 77 658 955 372 685 273 927 273 629 663 273 681 100 812 56 224 430 965 152 295 78 556 537 124 343 159 704 826 201 595 418 410 801 285 339 102 107 195 564 780 948 709 864 516 619 106 134 909 162 316 655 813 330 213 725 668 203 110 739 709 590 495 651 607 802 556 265 848 564 938 543 117 578 936 356 954 28 312 315 845 837 795 787 927 15 772 468 129 147 671 134 952 835 752 29 866 330 899 658 41 93 45 165 498 851 211 13 844 989 223 215 795 311 549 492 877 665 402 131 323 777 317 189 114 56 119 365 919 145 70 243 665 83 148 643 265 987 395 261 807 794 841 617 59 430 756 329
##
998 998 998 998 998 998 998 998 998 998 998 998 998 998 998 998 998 998 998 998 998 998 998 998 998 998 998 998 998 998 998 998 998 998 998 998 998 998 998 998 998 998 998 998 998 998 998 998 998 998 998 998 998 998 998 998 998 998 998 998 998 998 998 998 998 998 998 998 998 998 998 998 998 998 998 998 998 998 998 998 998 998 998 998 998 998 998 998 998 998 998 998 998 998 998 998 998 998 998 998 998 998 998 998 998 998 998 998 998 998 998 998 998 998 998 998 998 998 998 998 998 998 998 998 998 998 998 998 998 998 998 998 998 998 998 998 998 998 998 998 998 998 998 998 998 998 998 998 998 998 998 998 998 998 998 998 998 998 998 998 998 998 998 998 998 998 998 998 998 998 998 998 998 998 998 998 998 998 998 998 998 998 998 998 998 998 998 998 998 998 998 998 998 998 998 998 998 998 998 998 998 998 998 998 998 998 998 998 998 998 998 998 998 998 998 998 998 998 998 998 998 998 998 998 998 998 998 998 998 998 998 998 998 998 998 998 998 998 998 998 998 998 998 998 998 998 998 998 998 998 998 998 998 998 998 998 998 998 998 998 998 998 998 998 998 998 998 998 998 998 998 998 998 998 998 998 998 998 998 998 998 998 998 998 998 998 998 998 998 998 998 998 998 998 998 998 998 998 998 998 998 998 998 998 998 998 998 998 998 998 998 998 998 998 998 998 998 998 998 998 998 998 998 998 998 998 998 998 998 998 998 998 998 998 998 998 998 998 998 998 998 998 998 998 998 998 998 998 998 998 998 998 998 998 998 998 998 998 998 998 998 998 998 998 998 998 998 998 998 998 998 998 998 998 998 998 998 998 998 998 998 998 998 998 998 998 998 998 998 998 998 998 998 998 998 998 998 998 998 998 998 998 998 998 998 998 998 998 998 998 998 998 998 998 998 998 998 998 998 998 998 998 998 998 998 998 998 998 998 998 998 998 998 998 998 998 998 998 998 998 998 998 998 998 998 998 998 998 998 998 998 998 998 998 998 794 841 617 59 430 756 329
----
Test 5
##
899
443
601
776 467 417 688 480 455 718 507 343 651 581 250 327 959 822 424 125 761 266 945 35 637 522 728 386 526 925 749 84 658 46 393 689 841 270 61 964 774 779 66 303 539 305 663 219 889 534 329 825 889 298 777 109 815 1 686 489 992 913 603 586 418 585 961 84 667 429 903 309 689 904 332 780 278 585 394 734 366 897 437 359 279 203 637 985 180 741 704 575 705 501 626 875 959 145 895 831 998 264 418 298 289 605 4 637 814 797 16 975 25 309 16 245 954 274 498 234 239 144 210 502 65 388 887 655 418 327 364 644 727 884 913 654 12 738 221 961 72 558 62 376 606 976 856 740 242 121 635 694 490 528 494 365 655 214 250 758 603 878 45 805 428 23 785 302 149 642 843 342 747 275 388 170 969 818 946 468 106 551 315 52 985 170 590 917 780 661 858 289 268 852 307 620 885 685 396 685 47 894 540 662 444 456 224 271 837 623 98 209 716 140 116 173 598 65 925 960 545 466 689 306 684 374 581 713 310 637 297 671 60 45 352 789 216 774 298 727 649 989 789 505 771 363 39 37 388 48 84 254 697 771 593 36 140 780 126 535 638 388 591 392 715 888 280 352 95 416 551 387 978 960 345 192 266 66 468 172 995 870 459 406 191 633 152 680 115 771 656 737 178 308 788 907 87 192 502 302 340 831 418 883 978 67 175 572 514 897 602 838 221 667 396 669 610 970 328 944 20 391 689 459 327 962 467 112 794 387 399 313 807 414 664 633 161 603 422 761 839 261 293 133 63 412 943 781 364 806 548 318 894 154 891 120 806 523 736 466 477 812 884 453 555 887 65 219 571 683 207 870 992 446 866 788 439 891 404 653 640 265 299 208 324 295 19 906 747 786 672 267 169 309 759 428 637 119 339 360 729 402 500 729 834 793 321 18 691 177 349 393 896 131 460 558 43 270 795 635 648 909 610 391 88 889 296 256 76 726 703 55 377 190 326 278 670 805 961 541 581 222 417 120 641 841 84 384 892 522 195 162 768 818 244 960 524 149 414 538 129 680 412 600 668 40 48 236 211 598 519 588 922 454 294 524 159 505 475 520 288 724 491 731 527 651 564 492 834 875 640 728 990 409 93 178 864 673 523 37 998 789 693 197 97 489 733 230 657 950 817 929 269 587 412 463 713 17 369 125 299 449 340 231 995 205 190 74 354 772 10 845 43 756 832 539 272 332 22 426 527 788 595 700 648 795 312 11 512 294 866 120 576 600 83 384 877 834 817 989 114 53 705 230 624 632 983 958 915 904 256 219 838 799 250 349 103 606 227 789 564 438 85 215 634 280 520 841 29 86 542 355 87 258 550 395 304 119 551 921 406 10 940 185 270 738 119 284 674 864 329 821 988 446 302 28 769 90 64 929 647 157 434 512 700 278 323 949 431 885 527 800 374 792 419 761 679 147 641 155 231 882 131 82 798 620 491 558 218 949 43 211 688 236 892 65 149 585 854 555 994 690 660 465 944 601 227 108 220 626 970 765 827 707 807 549 532 823 698 842 261 956 436 267 538 184 20 380 413 127 294 584 981 613 938 57 569 387 842 227 517 259 445 791 119 281 630 378 103 308 774 488 105 486 914 22 280 550 867 468 290 196 561 869 213 908 542 223 286 172 414 788 643 452 551 822 706 229 10 896 576 698 957 301 768 525 440 304 516 624 722 698 597 700 804 430 901 120 605 907 398 152 756 570 565 597 288 165 145 612 793 795 662 517 150 603 377 37 78 310 912 162 775 843 609 588 98 111 581 618 8 661 121 940 947 532 882 734 946 170 328 880 393 408 693 926 457 946 182 100 339 415 14 951 628 155 86 556 855 223 689 142 885 979 825 589 969 322 538 100 81 107 790 60 672 772 759 85 533 715 965 334 568 241 526 360 988 910 963 633 550 351 61 585 136 983 932 496 122 833 701 414 51 900 906 265 560 818 817 412 504 31 72 311 163 266 360 581 44 484 143 874 382 404 249 968 511 468 373 998 24 299 838 380 842 610 822 555 401 791 447 485
##
998 998 998 998 998 998 998 998 998 998 998 998 998 998 998 998 998 998 998 998 998 998 998 998 998 998 998 998 998 998 998 998 998 998 998 998 998 998 998 998 998 998 998 998 998 998 998 998 998 998 998 998 998 998 998 998 998 998 998 998 998 998 998 998 998 998 998 998 998 998 998 998 998 998 998 998 998 998 998 998 998 998 998 998 998 998 998 998 998 998 998 998 998 998 998 998 998 998 998 998 998 998 998 998 998 998 998 998 998 998 998 998 998 998 998 998 998 998 998 998 998 998 998 998 998 998 998 998 998 998 998 998 998 998 998 998 998 998 998 998 998 998 998 998 998 998 998 998 998 998 998 998 998 998 998 998 998 998 998 998 998 998 998 998 998 998 998 998 998 998 998 998 998 998 998 998 998 998 998 998 998 998 998 998 998 998 998 998 998 998 998 998 998 998 998 998 998 998 998 998 998 998 998 998 998 998 998 998 998 998 998 998 998 998 998 998 998 998 998 998 998 998 998 998 998 998 998 998 998 998 998 998 998 998 998 998 998 998 998 998 998 998 998 998 998 998 998 998 998 998 998 998 998 998 998 998 998 998 998 998 998 998 998 998 998 998 998 998 998 998 998 998 998 998 998 998 998 998 998 998 998 998 998 998 998 998 998 998 998 998 998 998 998 998 998 998 998 998 998 998 998 998 998 998 998 998 998 998 998 998 998 998 998 998 998 998 998 998 998 998 998 998 998 998 998 998 998 998 998 998 998 998 998 998 998 998 998 998 998 998 998 998 998 998 998 998 998 998 998 998 998 998 998 998 998 998 998 998 998 998 998 998 998 998 998 998 998 998 998 998 998 998 998 998 998 998 998 998 998 998 998 998 998 998 998 998 998 998 998 998 998 998 998 998 998 998 998 998 998 998 998 998 998 998 998 998 998 998 998 998 998 998 998 998 998 998 998 998 998 998 998 998 998 998 998 998 998 998 998 998 998 998 998 998 998 998 998 998 998 998 998 998 998 84 384 892 522 195 162 768 818 244 960 524 149 414 538 129 680 412 600 668 40 48 236 211 598 519 588 922 454 294 524 159 505 475 520 288 724 491 731 527 651 564 492 834 875 640 728 990 409 93 178 864 673 523 37 998 789 693 197 97 489 733 230 657 950 817 929 269 587 412 463 713 17 369 125 299 449 340 231 995 205 190 74 354 772 10 845 43 756 832 539 272 332 22 426 527 788 595 700 648 795 312 11 512 294 866 120 576 600 83 384 877 834 817 989 114 53 705 230 624 632 983 958 915 904 256 219 838 799 250 349 103 606 227 789 564 438 85 215 634 280 520 841 29 86 542 355 87 258 550 395 304 119 551 921 406 10 940 185 270 738 119 284 674 864 329 821 988 446 302 28 769 90 64 929 647 157 434 512 700 278 323 949 431 885 527 800 374 792 419 761 679 147 641 155 231 882 131 82 798 620 491 558 218 949 43 211 688 236 892 65 149 585 854 555 994 690 660 465 944 601 227 108 220 626 970 765 827 707 807 549 532 823 698 842 261 956 436 267 538 184 20 380 413 127 294 584 981 613 938 57 569 387 842 227 517 259 445 791 119 281 630 378 103 308 774 488 105 486 914 22 280 550 867 468 290 196 561 869 213 908 542 223 286 172 414 788 643 452 551 822 706 229 10 896 576 698 957 301 768 525 440 304 516 624 722 698 597 700 804 430 901 120 605 907 398 152 756 570 565 597 288 165 145 612 793 795 662 517 150 603 377 37 78 310 912 162 775 843 609 588 98 111 581 618 8 661 121 940 947 532 882 734 946 170 328 880 393 408 693 926 457 946 182 100 339 415 14 951 628 155 86 556 855 223 689 142 885 979 825 589 969 322 538 100 81 107 790 60 672 772 759 85 533 715 965 334 568 241 526 360 988 910 963 633 550 351 61 585 136 983 932 496 122 833 701 414 51 900 906 265 560 818 817 412 504 31 72 311 163 266 360 581 44 484 143 874 382 404 249 968 511 468 373 998 24 299 838 380 842 610 822 555 401 791 447 485
----
Test 6
##
567
717
953
669 701 817 94 761 443 833 909 111 211 615 150 442 241 624 438 364 840 285 943 840 106 733 800 179 981 411 433 62 849 738 520 641 564 145 564 879 455 185 669 606 856 137 519 76 379 381 432 605 702 886 357 771 956 361 987 493 282 650 8 907 219 433 170 713 20 964 942 614 822 429 887 478 455 254 192 522 233 64 781 490 348 724 304 837 597 505 253 915 859 849 680 542 451 394 117 765 648 725 356 104 165 912 892 967 260 658 704 622 924 677 932 178 989 646 314 771 485 34 383 625 982 65 610 162 34 995 651 515 317 882 106 452 857 645 436 687 500 103 391 121 518 652 944 151 764 291 983 581 605 239 511 488 20 544 421 81 54 125 153 634 302 545 813 494 178 684 439 702 638 734 518 650 48 772 477 13 915 11 66 629 538 393 151 867 924 725 873 944 881 567 991 915 850 605 747 559 77 836 27 797 385 422 167 192 219 650 547 732 872 296 621 354 994 343 821 265 2 648 246 999 207 753 159 781 733 570 268 338 483 572 199 760 795 744 41 710 217 3 845 752 539 845 661 641 987 820 506 764 108 11 359 466 989 760 978 556 586 10 896 89 148 86 652 715 304 602 627 244 875 331 628 385 555 150 16 253 451 756 84 426 912 989 316 193 219 172 970 935 723 773 577 222 314 341 93 252 659 179 580 765 310 469 451 830 907 916 629 533 657 617 413 271 678 191 114 371 188 660 443 458 857 830 692 623 945 627 554 834 266 639 896 313 770 622 25 111 376 897 363 152 833 350 830 128 701 862 454 453 967 379 176 157 259 921 777 934 893 763 951 628 287 411 843 888 808 123 996 755 128 401 469 582 249 510 683 315 69 393 550 955 788 295 192 295 668 393 639 338 660 566 276 206 134 681 778 951 680 746 244 291 827 263 451 222 661 774 753 585 521 79 951 975 130 688 545 835 130 30 794 588 842 78 985 108 279 951 675 213 478 645 419 751 391 680 601 414 18 586 308 561 625 262 80 968 350 530 753 773 91 530 424 525 686 391 502 948 229 579 109 623 877 806 460 713 561 596 266 189 385 786 587 40 175 885 641 335 463 939 917 131 823 989 875 425 85 65 631 344 71 62 857 193 826 742 149 106 543 289 700 722 700 377 237 225 859 679 919 942 913 486 460 726 679 186 382 194 468 432 402 186 699 465 420 342 764 247 966 380 47 548 177 666 744 797 360 396 829 63 922 345 49 446 85 438 961 756 371 381 143 528 743 582 234 614 300 240 427 18 343 170 124 769 693 948 504 439
##
999 999 999 999 999 999 999 999 999 999 999 999 999 999 999 999 999 999 999 999 999 999 999 999 999 999 999 999 999 999 999 999 999 999 999 999 999 999 999 999 999 999 999 999 999 999 999 999 999 999 999 999 999 999 999 999 999 999 999 999 999 999 999 999 999 999 999 999 999 999 999 999 999 999 999 999 999 999 999 999 999 999 999 999 999 999 999 999 999 999 999 999 999 999 999 999 999 999 999 999 999 999 999 999 999 999 999 999 999 999 999 999 999 999 999 999 999 999 999 999 999 999 999 999 999 999 999 999 999 999 999 999 999 999 999 999 999 999 999 999 999 999 999 999 999 999 999 999 999 999 999 999 999 999 999 999 999 999 999 999 999 999 999 999 999 999 999 999 999 999 999 999 999 999 999 999 999 999 999 999 999 999 999 999 999 999 999 999 999 999 999 999 999 999 999 999 999 999 999 999 999 999 999 999 999 999 999 999 999 999 999 999 999 999 999 999 999 999 999 999 999 999 999 999 999 999 999 999 999 999 999 999 999 999 999 999 999 999 999 999 999 999 999 999 999 999 999 999 999 999 999 999 999 999 999 999 999 999 999 999 999 999 999 999 999 999 999 999 999 999 999 999 999 999 999 999 999 999 999 999 999 999 999 999 999 999 999 999 999 999 999 999 999 999 999 999 999 999 999 999 999 999 999 999 999 999 999 999 999 999 999 999 999 999 999 999 999 999 999 999 999 999 999 999 999 999 999 999 999 999 999 999 999 999 999 999 999 999 999 999 999 999 999 999 999 999 999 999 999 999 999 999 999 999 999 999 999 999 999 999 999 999 999 999 999 999 999 999 999 999 999 999 999 999 999 999 999 999 999 999 999 999 999 999 999 999 999 999 999 999 999 999 999 999 999 999 999 999 999 999 999 999 999 999 999 999 999 999 999 999 999 999 999 999 999 999 999 999 999 999 999 999 999 999 999 999 999 999 999 999 999 999 999 999 999 999 999 999 999 999 999 999 999 999 999 999 999 999 999 999 999 999 999 999 999 999 999 999 999 999 999 999 999 999 999 999 999 999 999 999 999 999 999 999 999 999 999 999 999 999 999 999 999 999 999 999 999 999 999 999 999 999 999 999 999 999 999 999 999 999 999 999 999 999 999 999 999 999 999 999 999 999 999 999 999 999 999 999 999 999 999 999 999 999 999 999 999 999 999 999 999 999 999 999 999 999 999 999 999 999 999 999 999 999 999 999 999 999 999 999 999 999 999 999 999 999 999 999 999 999 999 999 999 999 999 999 999
----
Test 7
##
17
322
963
276 467 609 856 41 34 795 207 159 197 41 516 795 143 462 22 873
##
873 873 873 873 873 873 873 873 873 873 873 873 873 873 873 873 873
----
Test 8
##
978
618
998
844 728 757 241 616 874 197 842 153 480 454 877 704 886 539 787 69 566 83 938 757 287 480 874 444 532 200 344 360 76 891 829 764 419 426 630 233 545 964 845 968 836 352 414 621 286 333 42 629 908 88 12 944 676 234 841 721 965 370 324 78 940 840 913 120 970 690 784 733 140 397 578 935 494 576 701 419 549 359 495 827 972 47 978 249 584 209 479 862 235 785 73 426 584 877 365 279 304 159 961 500 652 691 624 178 47 977 454 612 192 925 955 186 683 151 261 164 628 856 251 749 948 950 747 850 479 356 711 334 695 899 113 891 499 724 690 480 543 445 233 130 936 204 42 372 742 644 546 58 425 204 475 513 256 400 664 510 291 130 126 162 575 367 694 585 558 544 413 673 893 641 502 699 154 43 603 355 325 861 694 192 580 212 208 195 24 60 692 880 444 119 70 992 286 670 90 74 497 926 567 703 208 500 654 932 580 934 349 894 277 922 330 489 141 728 759 163 490 6 873 697 513 477 4 65 390 444 909 373 645 647 392 741 437 471 346 740 50 244 937 320 454 541 133 351 872 436 672 580 718 211 658 446 62 238 317 794 200 884 66 735 340 319 674 882 952 207 806 84 493 503 292 893 679 216 454 740 579 368 343 152 726 467 365 430 769 290 24 461 247 130 535 524 428 664 301 62 871 269 266 669 635 298 488 51 104 315 675 455 530 608 878 417 807 298 422 979 107 397 152 394 613 832 785 420 870 305 661 298 531 286 63 331 760 778 491 203 80 625 988 556 840 775 528 88 388 996 65 353 964 33 999 296 357 300 56 424 583 711 117 23 149 387 229 645 650 841 75 615 604 451 381 652 224 714 840 708 635 685 920 495 855 831 832 5 616 896 990 97 779 828 530 768 153 620 903 458 835 221 375 974 522 414 655 641 422 282 625 11 36 280 531 225 188 299 488 729 699 907 194 392 153 344 180 382 500 402 352 296 867 963 819 294 116 456 605 645 120 321 625 882 397 418 742 388 501 970 789 671 2 162 46 875 639 206 695 691 771 869 676 43 484 349 492 173 305 852 946 201 123 668 804 737 685 228 55 428 991 43 685 332 864 817 268 182 955 285 261 194 851 322 791 40 529 459 947 522 363 288 455 106 128 786 126 51 235 245 821 713 810 197 528 969 885 769 731 432 308 879 733 857 155 568 939 458 955 744 312 694 593 900 858 315 15 147 363 43 824 339 396 929 505 723 537 559 994 733 200 546 585 956 580 221 259 761 389 779 383 530 327 241 508 130 232 216 378 523 138 515 399 919 587 746 598 670 168 19 259 321 578 660 372 825 490 832 499 725 706 718 586 78 55 17 199 84 992 970 88 822 198 862 104 946 177 226 922 592 487 654 791 607 447 845 504 721 351 163 607 512 897 678 881 609 187 548 463 868 103 768 96 226 109 772 953 235 749 212 791 859 510 806 939 43 457 924 176 926 495 575 789 564 246 964 771 589 488 927 626 296 525 632 62 180 106 258 901 685 399 625 826 666 551 228 868 863 295 586 386 188 690 780 933 191 301 647 381 808 398 523 162 623 294 273 196 522 737 590 50 650 679 474 737 365 632 404 126 343 417 112 804 670 110 171 543 507 220 651 774 850 854 884 170 489 333 391 859 574 406 735 415 313 123 80 103 406 863 952 338 401 505 556 281 972 511 815 21 643 476 49 99 197 328 498 752 475 639 46 384 84 277 47 30 295 286 72 898 643 898 180 503 891 273 344 744 444 66 680 680 207 840 779 901 274 150 979 110 986 913 643 569 9 97 577 181 734 380 472 847 117 244 542 16 764 170 468 264 142 823 618 353 333 124 206 369 932 205 71 629 793 139 506 403 166 71 694 359 653 143 530 786 426 748 161 269 770 892 152 820 701 629 985 542 974 544 996 979 705 237 539 331 134 317 739 295 920 709 647 278 14 80 199 417 167 981 160 991 258 52 47 219 175 975 215 128 667 996 619 885 494 40 512 368 34 889 35 386 382 12 118 466 170 378 396 154 690 816 726 336 121 915 668 803 867 740 250 434 700 509 341 18 377 523 175 402 155 268 156 883 461 645 360 275 687 623 251 223 842 366 503 983 344 957 732 739 15 599 97 274 942 593 951 317 114 844 77 57 411 766 562 934 389 817 567 695 502 125 571 394 504 186 529 35 531 83 354 819 646 371 754 756 580 448 470 235 533 984 616 522
##
999 999 999 999 999 999 999 999 999 999 999 999 999 999 999 999 999 999 999 999 999 999 999 999 999 999 999 999 999 999 999 999 999 999 999 999 999 999 999 999 999 999 999 999 999 999 999 999 999 999 999 999 999 999 999 999 999 999 999 999 999 999 999 999 999 999 999 999 999 999 999 999 999 999 999 999 999 999 999 999 999 999 999 999 999 999 999 999 999 999 999 999 999 999 999 999 999 999 999 999 999 999 999 999 999 999 999 999 999 999 999 999 999 999 999 999 999 999 999 999 999 999 999 999 999 999 999 999 999 999 999 999 999 999 999 999 999 999 999 999 999 999 999 999 999 999 999 999 999 999 999 999 999 999 999 999 999 999 999 999 999 999 999 999 999 999 999 999 999 999 999 999 999 999 999 999 999 999 999 999 999 999 999 999 999 999 999 999 999 999 999 999 999 999 999 999 999 999 999 999 999 999 999 999 999 999 999 999 999 999 999 999 999 999 999 999 999 999 999 999 999 999 999 999 999 999 999 999 999 999 999 999 999 999 999 999 999 999 999 999 999 999 999 999 999 999 999 999 999 999 999 999 999 999 999 999 999 999 999 999 999 999 999 999 999 999 999 999 999 999 999 999 999 999 999 999 999 999 999 999 999 999 999 999 999 999 999 999 999 999 999 999 999 999 999 999 999 999 999 999 999 999 999 999 999 999 999 999 999 999 999 999 999 999 999 999 999 999 999 999 999 999 999 999 999 999 999 999 999 999 999 999 999 999 999 999 999 999 999 999 999 999 999 999 999 999 999 999 999 999 999 999 999 999 999 999 999 999 999 999 999 999 999 999 999 999 999 999 999 999 999 999 999 999 999 999 999 999 999 999 999 999 999 999 999 999 999 999 999 999 999 999 999 999 999 999 999 999 999 999 999 999 999 999 999 999 999 999 999 999 999 999 999 999 999 999 999 999 999 999 999 999 999 999 999 999 999 999 999 999 999 999 999 999 999 999 999 999 999 999 999 999 999 999 999 999 999 999 999 999 999 999 999 999 999 999 999 999 999 999 999 999 999 999 999 999 999 999 999 999 999 999 999 999 999 999 999 999 999 999 999 999 999 999 999 999 999 999 999 999 999 999 999 999 999 999 999 999 999 999 999 999 999 999 999 999 999 999 999 999 999 999 999 999 999 999 999 999 999 999 999 999 999 999 999 999 999 999 999 999 999 999 999 999 999 999 999 999 999 999 999 999 999 999 999 999 999 999 999 999 999 999 999 999 999 999 999 999 999 999 999 999 999 999 999 999 999 999 999 999 999 999 999 999 999 999 999 999 999 999 999 999 999 999 999 999 999 999 999 999 999 999 999 999 999 999 999 999 999 999 999 999 999 999 999 999 999 999 999 999 999 999 999 999 999 999 999 999 512 897 678 881 609 187 548 463 868 103 768 96 226 109 772 953 235 749 212 791 859 510 806 939 43 457 924 176 926 495 575 789 564 246 964 771 589 488 927 626 296 525 632 62 180 106 258 901 685 399 625 826 666 551 228 868 863 295 586 386 188 690 780 933 191 301 647 381 808 398 523 162 623 294 273 196 522 737 590 50 650 679 474 737 365 632 404 126 343 417 112 804 670 110 171 543 507 220 651 774 850 854 884 170 489 333 391 859 574 406 735 415 313 123 80 103 406 863 952 338 401 505 556 281 972 511 815 21 643 476 49 99 197 328 498 752 475 639 46 384 84 277 47 30 295 286 72 898 643 898 180 503 891 273 344 744 444 66 680 680 207 840 779 901 274 150 979 110 986 913 643 569 9 97 577 181 734 380 472 847 117 244 542 16 764 170 468 264 142 823 618 353 333 124 206 369 932 205 71 629 793 139 506 403 166 71 694 359 653 143 530 786 426 748 161 269 770 892 152 820 701 629 985 542 974 544 996 979 705 237 539 331 134 317 739 295 920 709 647 278 14 80 199 417 167 981 160 991 258 52 47 219 175 975 215 128 667 996 619 885 494 40 512 368 34 889 35 386 382 12 118 466 170 378 396 154 690 816 726 336 121 915 668 803 867 740 250 434 700 509 341 18 377 523 175 402 155 268 156 883 461 645 360 275 687 623 251 223 842 366 503 983 344 957 732 739 15 599 97 274 942 593 951 317 114 844 77 57 411 766 562 934 389 817 567 695 502 125 571 394 504 186 529 35 531 83 354 819 646 371 754 756 580 448 470 235 533 984 616 522
----
Test 9
##
27
326
154
456 306 50 31 586 567 383 384 226 633 819 730 951 138 235 523 465 209 292 684 84 25 581 616 547 762 540
##
951 951 951 951 951 951 951 951 951 951 951 951 951 951 951 951 951 951 951 951 951 951 951 951 951 951 951
----
Test 10
##
248
978
828
158 41 706 101 72 318 649 639 277 547 160 1 68 488 717 758 238 795 324 572 362 972 851 573 217 40 252 70 391 74 930 809 458 171 261 770 253 710 983 50 644 284 677 191 297 497 213 552 284 368 694 52 305 546 708 5 577 68 159 496 957 306 963 224 336 704 403 258 220 981 562 331 394 608 958 99 225 736 333 621 365 249 304 686 711 385 641 665 960 757 871 283 92 43 538 462 40 296 311 905 182 514 327 158 687 320 656 430 165 840 301 834 86 754 773 34 791 488 283 961 303 362 806 813 549 668 232 349 52 336 447 738 482 303 666 554 592 753 17 623 133 206 700 333 84 88 102 62 178 534 982 445 231 305 578 324 54 830 777 106 223 472 482 70 217 538 121 613 98 993 909 441 444 906 157 449 131 170 759 147 991 247 282 443 424 726 716 812 862 948 966 551 206 229 823 587 715 622 675 502 62 775 17 637 146 236 694 481 43 333 507 11 516 722 114 176 872 736 374 280 364 509 334 601 729 308 889 416 875 496 899 309 37 661 98 199 153 733 971 332 848 334 124 771 765 401 215 322
##
993 993 993 993 993 993 993 993 993 993 993 993 993 993 993 993 993 993 993 993 993 993 993 993 993 993 993 993 993 993 993 993 993 993 993 993 993 993 993 993 993 993 993 993 993 993 993 993 993 993 993 993 993 993 993 993 993 993 993 993 993 993 993 993 993 993 993 993 993 993 993 993 993 993 993 993 993 993 993 993 993 993 993 993 993 993 993 993 993 993 993 993 993 993 993 993 993 993 993 993 993 993 993 993 993 993 993 993 993 993 993 993 993 993 993 993 993 993 993 993 993 993 993 993 993 993 993 993 993 993 993 993 993 993 993 993 993 993 993 993 993 993 993 993 993 993 993 993 993 993 993 993 993 993 993 993 993 993 993 993 993 993 993 993 993 993 993 993 993 993 993 993 993 993 993 993 993 993 993 993 993 993 993 993 993 993 993 993 993 993 993 993 993 993 993 993 993 993 993 993 993 993 993 993 993 993 993 993 993 993 993 993 993 993 993 993 993 993 993 993 993 993 993 993 993 993 993 993 993 993 993 993 993 993 993 993 993 993 993 993 993 993 993 993 993 993 993 993
----
