----
Test 1
##
558
723
227
611 547 475 322 136 906 857 799 10 836 826 820 847 889 305 738 68 442 796 666 820 753 481 501 41 483 227 692 187 323 741 290 327 996 236 767 150 245 958 481 43 159 646 302 426 498 874 383 691 778 341 458 149 465 806 430 131 793 955 903 832 755 611 44 893 935 413 477 361 284 693 723 415 500 33 615 926 340 431 164 411 855 423 139 981 818 327 43 413 924 686 185 468 624 603 109 175 6 435 523 583 142 595 114 272 872 83 813 870 844 874 367 765 538 633 637 871 727 632 949 687 621 149 223 104 598 90 386 820 933 611 840 631 329 941 823 941 319 916 775 465 811 967 874 345 767 756 572 680 211 680 434 748 416 931 665 379 539 101 191 65 64 842 42 174 70 868 821 534 814 457 63 298 536 884 644 910 362 733 258 380 812 817 64 193 972 137 693 91 409 154 938 326 933 354 65 503 275 903 910 752 609 2 655 856 815 816 332 303 362 642 295 393 867 262 800 611 669 577 898 315 373 986 986 60 4 58 763 83 598 112 404 524 405 217 374 316 982 859 731 574 679 967 455 200 845 156 512 191 459 175 221 374 773 957 940 557 887 361 37 519 940 441 82 225 441 871 930 95 658 385 562 23 267 154 879 342 494 477 517 481 964 492 996 311 695 398 832 814 108 985 951 207 756 549 554 326 344 844 70 366 171 258 898 506 707 65 613 107 916 875 703 936 306 303 754 441 957 690 417 477 616 615 858 139 573 788 800 256 556 961 814 796 169 891 136 766 452 783 24 655 671 983 465 535 830 882 34 211 47 416 412 893 460 473 184 511 459 634 660 459 920 685 784 624 329 447 962 369 305 522 733 116 573 815 632 183 75 434 739 310 784 541 451 761 869 248 859 478 448 131 515 492 435 83 261 184 867 381 177 824 771 567 286 270 697 862 853 147 309 869 743 803 635 526 296 36 552 338 302 558 879 650 341 59 268 192 591 429 995 356 796 823 502 18 424 742 941 125 381 225 962 909 688 619 151 252 963 435 20 12 564 80 482 295 559 278 57 555 436 951 429 883 97 526 16 148 420 39 986 628 908 123 190 39 419 91 702 941 265 971 388 350 255 260 741 875 947 689 369 505 826 948 663 541 51 915 990 237 956 786 433 459 493 224 378 574 129 641 111 575 181 223 665 722 796 561 9 507 371 784 872 997 119 443 696 530 315 400 569 763 676 386 119 52 83 115 345 634 439 23 545 79 377 537 796 470 251 311 720 347 745 127 406 376 812 494 246
##
996 996 996 996 996 996 996 996 996 996 996 996 996 996 996 996 996 996 996 996 996 996 996 996 996 996 996 996 996 996 996 996 996 996 996 996 996 996 996 996 996 996 996 996 996 996 996 996 996 996 996 996 996 996 996 996 996 996 996 996 996 996 996 996 996 996 996 996 996 996 997 997 997 997 997 997 997 997 997 997 997 997 997 997 997 997 997 997 997 997 997 997 997 997 997 997 997 997 997 997 997 997 997 997 997 997 997 997 997 997 997 997 997 997 997 997 997 997 997 997 997 997 997 997 997 997 997 997 997 997 997 997 997 997 997 997 997 997 997 997 997 997 997 997 997 997 997 997 997 997 997 997 997 997 997 997 997 997 997 997 997 997 997 997 997 996 996 996 996 996 996 996 996 996 996 996 996 996 996 996 996 996 996 996 996 996 996 996 996 996 996 996 996 996 996 996 996 996 996 996 996 996 996 996 996 996 996 996 996 996 996 996 996 996 996 996 996 996 996 996 996 996 996 996 996 996 996 996 996 996 996 996 996 996 996 996 996 996 996 996 996 996 996 996 996 996 996 996 996 996 996 996 996 996 996 996 996 996 996 996 996 996 996 996 996 996 996 996 996 996 996 996 996 996 996 996 996 996 996 996 996 996 996 996 995 995 995 995 995 995 995 995 995 995 995 995 997 997 997 997 997 997 997 997 997 997 997 997 997 997 997 997 997 997 997 997 997 997 997 997 997 997 997 997 997 997 997 997 997 997 997 997 997 997 997 997 997 997 997 997 997 997 997 997 997 997 997 997 997 997 997 997 997 997 997 997 997 997 997 997 997 997 997 997 997 997 997 997 997 997 997 997 997 997 997 997 997 997 997 997 997 997 997 997 997 997 997 997 997 997 997 997 997 997 997 997 997 997 997 997 997 997 997 997 997 997 997 997 997 997 997 997 997 997 997 997 997 997 997 997 997 997 997 997 997 997 997 997 997 997 997 997 997 997 997 997 997 997 997 997 997 997 997 997 997 997 997 997 997 997 997 997 997 997 997 997 997 997 997 997 997 997 997 997 997 997 997 997 997 997 997 997 997 997 997 997 997 997 997 997 997 997 997 997 997 997 997 997 997 997 997 997 997 997 997 997 997 997 997 997 997 997 997 997 997 997 997 997 997 997 997 997 997 997 997 997 997 997 997 997 997 997 997 996 996 996 996 996 996 996 996 996 996 996 996 996 996 996 996 996 996 996 996 996 996 996 996 996 996 996 996 996 996 996 996 996 996 996
----
Test 2
##
972
934
489
943 149 806 136 988 747 247 64 322 715 746 17 559 435 825 495 700 499 915 744 269 677 25 421 873 51 832 342 97 679 807 961 472 711 894 30 385 183 437 19 654 661 129 780 149 676 419 739 252 137 708 636 325 584 312 317 449 433 522 645 955 469 336 970 245 60 408 92 928 622 173 513 764 581 309 938 969 470 170 623 731 749 143 783 214 351 339 703 673 988 179 337 217 224 37 355 990 645 273 576 963 716 964 402 955 558 612 819 719 500 172 810 337 112 288 965 351 197 304 383 975 102 605 361 567 198 316 299 118 731 482 247 830 75 671 852 998 323 877 900 154 989 492 887 658 492 627 53 519 121 552 400 246 428 499 57 692 847 815 157 543 96 361 271 975 917 808 969 465 566 144 368 7 274 306 998 153 880 763 676 839 245 512 384 54 54 92 788 826 766 864 76 251 39 382 194 310 511 508 398 587 904 285 735 609 868 610 439 123 88 432 371 352 110 852 923 261 727 456 566 372 69 918 715 649 899 325 828 99 584 943 249 860 697 53 841 268 209 100 875 455 571 748 294 176 485 858 604 592 978 655 748 998 536 639 428 577 236 98 135 960 383 626 575 475 516 511 768 520 689 79 458 241 276 401 978 566 111 988 361 615 505 328 499 705 648 785 525 930 611 433 45 198 707 569 652 182 21 441 910 266 332 763 743 522 577 472 450 223 464 22 48 925 656 91 383 173 614 75 619 825 86 221 980 684 638 859 246 686 510 242 624 223 201 524 461 874 224 87 403 772 983 252 895 408 928 351 826 420 346 740 106 109 236 724 154 941 840 29 990 812 450 573 440 300 818 475 242 451 144 534 977 372 43 10 331 714 823 383 751 344 760 378 557 634 644 279 601 653 27 621 483 16 952 852 875 933 273 418 539 800 463 491 439 395 148 906 10 53 133 855 291 949 582 515 868 636 391 904 808 155 209 542 138 910 93 974 691 810 135 784 647 973 966 514 499 125 292 214 595 604 489 784 945 872 751 521 105 66 486 351 385 499 829 819 38 306 171 14 967 102 506 972 879 690 78 801 28 243 435 229 699 689 285 861 318 323 839 52 258 128 954 983 690 764 366 728 69 420 897 844 244 401 554 726 624 883 25 24 47 282 671 716 849 605 336 447 432 611 406 519 333 387 278 398 977 193 990 566 731 427 591 658 341 830 147 720 852 239 157 826 71 687 553 328 500 194 75 873 401 444 202 475 527 853 304 46 57 652 181 415 761 112 723 542 143 131 447 924 573 895 735 221 958 965 336 135 537 859 646 161 666 210 521 142 99 554 746 59 787 114 498 109 747 672 940 469 423 718 407 249 184 846 396 369 292 501 141 81 44 274 995 865 947 512 76 204 964 478 792 270 838 934 643 957 837 162 915 558 736 541 459 882 146 143 561 343 666 887 723 92 540 333 864 724 390 813 617 762 188 361 90 864 123 39 946 405 600 586 624 710 392 520 542 759 196 872 972 157 875 425 896 423 653 694 558 906 244 881 3 954 754 468 858 621 471 654 844 603 528 436 711 48 640 55 629 756 199 147 410 399 454 806 368 116 478 561 644 399 123 228 572 256 515 810 45 334 349 639 767 173 937 287 278 136 387 613 145 643 583 198 352 43 141 429 640 199 623 70 877 50 362 196 696 525 585 930 594 60 966 226 36 688 121 420 399 129 534 77 525 630 206 784 521 103 283 86 401 164 47 341 114 625 140 155 193 32 566 259 766 741 633 356 774 191 199 493 353 894 160 19 976 939 282 565 887 884 810 669 91 472 123 509 708 316 83 577 743 632 627 490 791 380 134 296 362 706 440 4 538 33 61 530 757 989 827 282 268 100 714 100 377 527 885 549 696 563 877 48 712 654 113 354 5 112 33 59 568 147 401 258 312 65 576 158 123 275 728 697 862 33 515 864 124 767 68 1000 512 662 885 13 306 398 894 772 88 309 143 430 101 806 122 950 494 843 507 142 100 906 717 546 866 611 895 83 991 459 652 168 53 523 963 871 819 819 16 16 12 354 678 237 788 488 341 762 464 512 970 196 710 955 846 445 376 688 145 198 283 71 248 328 579 587 132 332 302 508 894 154 882 646 9 529 972 866 416 451 136 644 219 961 583 951 863 718 677 819 228 533 983 926 29 484 882 241 676 97 293 666 220 729 908 157 517 317 193 644 336 791 138 692 514
##
998 998 998 998 998 998 998 998 998 998 998 998 998 998 998 998 998 998 998 998 998 998 998 998 998 998 998 998 998 998 998 998 998 998 998 998 998 998 998 998 998 998 998 998 998 998 998 998 998 998 998 998 998 998 998 998 998 998 998 998 998 998 998 998 998 998 998 998 998 998 998 998 998 998 998 998 998 998 998 998 998 998 998 998 998 998 998 998 998 998 998 998 998 998 998 998 998 998 998 998 998 998 998 998 998 998 998 998 998 998 998 998 998 998 998 998 998 998 998 998 998 998 998 998 998 998 998 998 998 998 998 998 998 998 998 998 998 998 998 998 998 998 998 998 998 998 998 998 998 998 998 998 998 998 998 998 998 998 998 998 998 998 998 998 998 998 998 998 998 998 998 998 998 998 998 998 998 998 998 998 998 998 998 998 998 998 998 998 998 998 998 998 998 998 998 998 998 998 998 998 998 998 998 998 998 998 998 998 998 998 998 998 998 998 998 998 998 998 998 998 998 998 998 998 998 998 998 998 998 998 998 998 998 998 998 998 998 998 998 998 998 998 998 998 998 998 998 998 998 998 998 998 998 995 995 995 995 995 995 995 995 995 995 995 995 995 995 995 995 995 995 995 995 995 995 995 995 995 995 995 995 995 995 995 995 995 995 995 995 995 995 995 995 995 995 995 995 995 995 995 995 995 995 995 995 995 995 995 995 995 995 995 995 995 995 995 995 995 995 995 995 995 995 995 995 995 995 995 995 995 995 995 995 995 995 995 995 995 995 995 995 995 995 995 995 995 995 995 995 995 995 995 995 995 995 995 995 995 995 995 995 995 995 995 995 995 995 995 1000 1000 1000 1000 1000 1000 1000 1000 1000 1000 1000 1000 1000 1000 1000 1000 1000 1000 1000 1000 1000 1000 1000 1000 1000 1000 1000 1000 1000 1000 1000 1000 1000 1000 1000 1000 1000 1000 1000 1000 1000 1000 1000 1000 1000 1000 1000 1000 1000 1000 1000 1000 1000 1000 1000 1000 1000 1000 1000 1000 1000 1000 1000 1000 1000 1000 1000 1000 1000 1000 1000 1000 1000 1000 1000 1000 1000 1000 1000 1000 1000 1000 1000 1000 1000 1000 1000 1000 1000 1000 1000 1000 1000 1000 1000 1000 1000 1000 1000 1000 1000 1000 1000 1000 1000 1000 1000 1000 1000 1000 1000 1000 1000 1000 1000 1000 1000 1000 1000 1000 1000 1000 1000 1000 1000 1000 1000 1000 1000 1000 1000 1000 1000 1000 1000 1000 1000 1000 1000 1000 1000 1000 1000 1000 1000 1000 1000 1000 1000 1000 1000 1000 1000 1000 1000 1000 1000 1000 1000 1000 1000 1000 1000 1000 1000 1000 1000 1000 1000 1000 1000 1000 1000 1000 1000 1000 1000 1000 1000 1000 1000 1000 1000 1000 1000 1000 1000 1000 1000 1000 1000 1000 1000 1000 1000 1000 1000 1000 1000 1000 1000 1000 1000 1000 1000 1000 1000 1000 1000 1000 1000 1000 1000 1000 1000 1000 1000 1000 1000 1000 1000 1000 1000 1000 1000 1000 1000 1000 1000 1000 1000 1000 1000 1000 1000 1000 1000 1000 1000 1000 1000 1000 1000 1000 1000 1000 1000 1000 1000 1000 1000 1000 1000 1000 1000 1000 1000 1000 1000 1000 1000 1000 1000 1000 1000 1000 1000 1000 1000 1000 1000 1000 1000 1000 1000 1000 1000 1000 1000 1000 1000 1000 1000 1000 1000 1000 1000 1000 1000 1000 1000 1000 1000 1000 1000 1000 1000 1000 1000 1000 1000 1000 1000 1000 1000 1000 1000 1000 1000 1000 1000 1000 1000 1000 1000 1000 1000 1000 1000 1000 1000 1000 1000 1000 1000 1000 1000 1000 1000 1000 1000 1000 1000 1000 1000 1000 1000 1000 1000 1000 1000 1000 1000 1000 1000 1000 1000 1000 1000 1000 1000 1000 1000 1000 1000 1000 1000 1000 1000 1000 1000 1000 1000 1000 1000 1000 1000 1000 1000 1000 1000 1000 1000 1000 1000 1000 1000 1000 1000 1000 1000 1000 1000 1000 1000 1000 1000 1000 1000 1000 1000 1000 1000 1000 1000 1000 1000 1000 1000 1000 1000 1000 1000 1000 1000 1000 1000 1000 1000 1000 1000 1000 1000 1000 1000 1000 1000 1000 1000 1000 1000 1000 1000 1000 1000 1000 1000 1000 1000 1000 1000 1000 1000 1000 1000 1000 1000 1000 1000 1000 1000 1000 1000 1000 1000 1000 1000 1000 1000 1000 1000 1000 1000 1000 1000 1000 1000 1000 1000 1000 1000 1000 1000 1000 1000 1000 1000 1000 1000 1000 1000 1000 1000 1000 1000 1000 1000 1000 1000 1000 1000 1000 1000 1000 1000 1000 1000 1000 1000 1000 1000 1000 1000 1000 1000 1000 1000 1000 1000 1000 1000 1000 1000 1000 1000 1000 1000 1000 1000 1000 1000 1000 1000 1000 1000 1000 1000 1000 1000 1000 1000 1000 1000 1000 1000 1000 1000 1000 1000 1000 1000 1000 1000 1000 1000 1000 1000 1000 1000 1000 1000 1000 1000 1000 1000 1000 1000 1000 1000 1000 1000 1000 1000 1000 1000 1000 1000 1000 1000 1000 1000 1000 1000 1000 1000 1000 866 416 451 136 644 219 961 583 951 863 718 677 819 228 533 983 926 29 484 882 241 676 97 293 666 220 729 908 157 517 317 193 644 336 791 138 692 514
----
Test 3
##
155
448
619
579 446 952 179 247 213 307 99 768 665 420 59 308 248 158 116 220 451 433 641 421 772 802 56 930 57 450 782 440 72 942 18 203 694 564 488 162 840 917 291 905 935 370 257 772 929 445 818 182 28 877 445 504 273 414 734 649 29 876 95 598 28 941 505 864 209 215 29 251 618 348 70 197 64 720 63 682 830 589 794 532 445 916 605 120 675 142 740 865 595 902 194 575 87 921 220 606 270 716 911 673 529 611 634 727 574 309 786 216 428 421 907 318 775 108 992 457 412 220 716 228 139 353 333 340 760 179 191 663 498 911 604 298 89 164 703 103 592 578 133 40 27 22 731 105 10 468 489 314 572 160 823 200 917 311
##
992 992 992 992 992 992 992 992 992 992 992 992 992 992 992 992 992 992 992 992 992 992 992 992 992 992 992 992 992 992 992 992 992 992 992 992 992 992 992 992 992 992 992 992 992 992 992 992 992 992 992 992 992 992 992 992 992 992 992 992 992 992 992 992 992 992 992 992 992 992 992 992 992 992 992 992 992 992 992 992 992 992 992 992 992 992 992 992 992 992 992 992 992 992 992 992 992 992 992 992 992 992 992 992 992 992 992 992 992 992 992 992 992 992 992 992 992 992 992 992 992 992 992 992 992 992 992 992 992 992 992 992 992 992 992 992 992 992 992 992 992 992 992 992 992 992 992 992 992 992 992 992 992 992 992
----
Test 4
##
55
291
26
257 325 666 863 726 819 126 384 661 324 408 961 381 880 922 602 540 391 912 542 767 743 371 842 856 732 377 239 559 579 129 605 101 763 180 976 435 653 803 822 881 47 640 163 710 337 48 242 989 519 819 900 444 525 658
##
989 989 989 989 989 989 989 989 989 989 989 989 989 989 989 989 989 989 989 989 989 989 989 989 989 989 989 989 989 989 989 989 989 989 989 989 989 989 989 989 989 989 989 989 989 989 989 989 989 989 989 989 989 989 989
----
Test 5
##
729
146
952
996 60 532 391 415 236 785 457 19 429 561 397 230 812 7 155 255 360 677 804 349 423 108 143 50 375 247 51 794 804 627 752 329 885 309 971 423 654 433 21 780 876 784 829 610 102 713 332 15 760 204 629 103 187 511 334 326 565 930 243 917 42 306 242 16 607 593 650 461 370 676 967 928 751 336 516 13 685 443 305 304 42 710 655 842 551 243 847 205 790 532 777 412 30 773 86 693 480 793 268 744 152 987 181 474 294 758 349 525 174 941 418 203 331 449 363 601 178 783 614 281 299 630 246 213 484 137 482 943 439 941 231 598 750 253 661 180 469 822 829 482 621 185 956 227 677 913 124 169 747 422 212 782 587 3 380 212 717 550 477 134 994 134 629 354 686 927 841 788 200 614 599 291 424 773 785 388 876 533 196 283 643 698 969 808 49 966 992 592 128 851 9 923 380 950 950 836 596 354 836 544 552 924 859 535 947 106 598 452 318 133 520 320 372 597 839 109 591 519 479 35 380 567 629 470 381 194 798 536 856 378 379 641 963 156 914 977 771 950 665 211 588 143 128 485 236 523 358 108 675 817 206 40 54 206 3 840 791 58 200 941 328 31 715 209 115 552 468 123 704 297 618 224 963 254 417 40 321 443 765 177 722 993 629 693 523 642 228 521 762 881 912 924 741 986 837 490 148 985 507 478 429 300 93 542 553 326 475 538 666 493 267 18 405 545 84 516 638 276 697 616 281 30 524 548 649 482 135 134 280 995 401 169 341 692 835 281 131 82 158 320 897 313 936 728 931 510 711 74 150 449 742 146 36 174 123 789 752 391 317 11 942 710 251 530 877 957 146 635 134 220 608 132 261 866 714 91 633 137 363 701 340 548 927 582 165 295 305 616 73 885 427 200 624 125 80 81 141 362 448 397 162 509 76 450 670 462 767 960 388 201 427 382 862 839 613 346 288 692 760 135 725 19 226 649 15 235 145 582 727 81 683 773 237 620 173 58 553 973 958 832 939 578 82 241 612 765 684 370 820 819 303 690 853 348 665 211 131 707 356 398 282 135 483 123 448 370 491 868 761 494 162 880 870 301 620 711 964 980 758 543 782 989 322 52 674 88 476 710 204 356 97 673 570 171 826 365 984 435 891 936 837 394 629 426 502 765 615 927 691 61 581 930 956 232 191 767 528 647 643 951 156 159 282 940 169 100 543 445 492 173 852 358 1000 288 868 355 52 950 371 582 642 321 714 544 128 244 409 410 52 585 258 230 668 301 987 980 813 481 49 958 188 58 256 759 445 46 225 315 988 770 954 770 141 274 483 401 5 679 24 316 836 542 994 103 769 903 916 136 647 912 32 814 484 8 866 943 230 522 518 451 78 41 418 897 347 68 887 455 612 566 662 203 254 891 969 702 997 292 38 316 987 15 765 620 479 757 945 795 325 868 156 468 25 988 978 92 103 777 353 769 541 803 131 340 529 141 899 891 823 233 311 904 106 685 90 123 248 238 12 473 291 994 140 264 656 317 157 825 652 343 992 711 228 320 749 971 485 58 456 28 121 970 510 843 283 575 117 736 339 216 282 310 15 554 380 256 833 352 326 483 624 729 869 961 947 331 273 892 706 725 648 914 149 908 883 137 951 369 968 820 143 69 821 7 549 721 528 851
##
1000 1000 1000 1000 1000 1000 1000 1000 1000 1000 1000 1000 1000 1000 1000 1000 1000 1000 1000 1000 1000 1000 1000 1000 1000 1000 1000 1000 1000 1000 1000 1000 1000 1000 1000 1000 1000 1000 1000 1000 1000 1000 1000 1000 1000 1000 1000 1000 1000 1000 1000 1000 1000 1000 1000 1000 1000 1000 1000 1000 1000 1000 1000 1000 1000 1000 1000 1000 1000 1000 1000 1000 1000 1000 1000 1000 1000 1000 1000 1000 1000 1000 1000 1000 1000 1000 1000 1000 1000 1000 1000 1000 1000 1000 1000 1000 1000 1000 1000 1000 1000 1000 1000 1000 1000 1000 1000 1000 1000 1000 1000 1000 1000 1000 1000 1000 1000 1000 1000 1000 1000 1000 1000 1000 1000 1000 1000 1000 1000 1000 1000 1000 1000 1000 1000 1000 1000 1000 1000 1000 1000 1000 1000 1000 1000 1000 913 124 169 747 422 212 782 587 3 380 212 717 550 477 134 994 134 629 354 686 927 841 788 200 614 599 291 424 773 785 388 876 533 196 283 643 698 969 808 49 966 992 592 128 851 9 923 380 950 950 836 596 354 836 544 552 924 859 535 947 106 598 452 318 133 520 320 372 597 839 109 591 519 479 35 380 567 629 470 381 194 798 536 856 378 379 641 963 156 914 977 771 950 665 211 588 143 128 485 236 523 358 108 675 817 206 40 54 206 3 840 791 58 200 941 328 31 715 209 115 552 468 123 704 297 618 224 963 254 417 40 321 443 765 177 722 993 629 693 523 642 228 521 762 881 912 924 741 986 837 490 148 985 507 478 429 300 93 542 553 326 475 538 666 493 267 18 405 545 84 516 638 276 697 616 281 30 524 548 649 482 135 134 280 995 401 169 341 692 835 281 131 82 158 320 897 313 936 728 931 510 711 74 150 449 742 146 36 174 123 789 752 391 317 11 942 710 251 530 877 957 146 635 134 220 608 132 261 866 714 91 633 137 363 701 340 548 927 582 165 295 305 616 73 885 427 200 624 125 80 81 141 362 448 397 162 509 76 450 670 462 767 960 388 201 427 382 862 839 613 346 288 692 760 135 725 19 226 649 15 235 145 582 727 81 683 773 237 620 173 58 553 973 958 832 939 578 82 241 612 765 684 370 820 819 303 690 853 348 665 211 131 707 356 398 282 135 483 123 448 370 491 868 761 494 162 880 870 301 620 711 964 980 758 543 782 989 322 52 674 88 476 710 204 356 97 673 570 171 826 365 984 435 891 936 837 394 629 426 502 765 615 927 691 61 581 930 956 232 191 767 528 647 643 951 156 159 282 940 169 100 543 445 492 173 852 358 1000 288 868 355 52 950 371 582 642 321 714 544 128 244 409 410 52 585 258 230 668 301 987 980 813 481 49 958 188 58 256 759 445 46 225 315 988 770 954 770 141 274 483 401 5 679 24 316 836 542 994 103 769 903 916 136 647 912 32 814 484 8 866 943 230 522 518 451 78 41 418 897 347 68 887 455 612 566 662 203 254 891 969 702 997 292 38 316 987 15 765 620 479 757 945 795 325 868 156 468 25 988 978 92 103 777 353 769 541 803 131 340 529 141 899 891 823 233 311 904 106 685 90 123 248 238 12 473 291 994 140 264 656 317 157 825 652 343 992 711 228 320 749 971 485 58 456 28 121 970 510 843 283 575 117 736 339 216 282 310 15 554 380 256 833 352 326 483 624 729 869 961 947 331 273 892 706 725 648 914 149 908 883 137 951 369 968 820 143 69 821 7 549 721 528 851
----
Test 6
##
228
368
575
435 116 930 345 761 209 28 36 344 864 928 761 688 97 364 474 66 86 86 89 688 764 374 781 604 591 570 61 189 911 243 914 440 746 595 376 745 259 658 81 266 208 257 816 353 379 968 53 832 817 339 728 984 121 233 582 942 796 194 999 611 154 852 151 104 428 471 364 785 231 985 530 170 603 536 906 102 241 233 757 592 553 623 912 294 260 834 684 753 663 6 866 691 43 764 769 666 183 342 362 232 38 406 791 530 547 286 227 330 31 640 136 338 341 97 786 337 917 308 943 329 843 576 661 714 344 773 530 927 59 832 894 841 183 608 274 2 690 683 376 242 517 413 359 277 634 927 488 15 645 196 274 668 154 875 804 941 420 715 637 573 705 248 815 412 333 322 542 334 96 33 564 979 63 575 871 483 430 880 947 523 135 472 894 154 279 919 609 330 838 549 867 259 676 122 155 197 294 811 713 467 352 291 955 49 251 839 289 871 232 666 59 709 328 506 506 313 949 472 212 958 120 753 378 320 566 54 924
##
999 999 999 999 999 999 999 999 999 999 999 999 999 999 999 999 999 999 999 999 999 999 999 999 999 999 999 999 999 999 999 999 999 999 999 999 999 999 999 999 999 999 999 999 999 999 999 999 999 999 999 999 999 999 999 999 999 999 999 999 999 999 999 999 999 999 999 999 999 999 999 999 999 999 999 999 999 999 999 999 999 999 999 999 999 999 999 999 999 999 999 999 999 999 999 999 999 999 999 999 999 999 999 999 999 999 999 999 999 999 999 999 999 999 999 999 999 999 999 999 999 999 999 999 999 999 999 999 999 999 999 999 999 999 999 999 999 999 999 999 999 999 999 999 999 999 999 999 999 999 999 999 999 999 999 999 999 999 999 999 999 999 999 999 999 999 999 999 999 999 999 999 999 999 999 999 999 999 999 999 999 999 999 999 999 999 999 999 999 999 999 999 999 999 999 999 999 999 999 999 999 999 999 999 999 999 999 999 999 999 999 999 999 999 999 999 999 999 999 999 999 999 999 999 999 999 999 999
----
Test 7
##
317
826
807
187 243 708 12 620 183 763 447 376 891 854 434 140 698 488 621 270 218 971 677 533 439 967 310 424 360 677 116 853 489 346 650 793 293 917 886 786 501 855 747 92 712 959 937 351 732 605 954 418 469 550 987 879 126 488 25 375 132 233 214 441 795 636 811 160 231 586 41 10 623 18 357 547 458 40 134 650 578 589 919 178 256 917 167 907 316 540 838 240 426 236 912 642 848 396 302 392 509 85 811 219 523 875 739 918 960 453 932 581 801 855 776 104 52 917 921 739 814 707 298 931 563 983 389 250 702 75 331 36 810 890 311 323 572 131 385 802 325 70 961 965 496 260 592 204 483 913 532 136 732 765 948 117 409 134 694 523 222 764 349 295 912 859 320 9 439 449 599 177 637 208 133 395 860 864 801 320 223 623 553 420 526 761 316 408 257 865 254 166 962 849 24 799 719 997 230 413 33 623 112 959 913 68 768 429 457 567 901 575 498 972 911 362 760 107 219 945 979 797 994 606 206 483 413 200 501 718 206 739 655 893 632 457 440 585 389 142 363 623 943 722 801 212 866 595 805 587 891 924 94 466 381 303 527 175 647 956 24 926 964 611 247 701 913 991 866 511 451 758 981 218 331 264 873 435 611 748 440 874 129 731 434 360 776 715 872 537 44 745 532 111 34 917 320 553 328 510 207 592 603 353 467 163 735 979 388 674 641 679 755 621 900 512 311 594 617 382
##
997 997 997 997 997 997 997 997 997 997 997 997 997 997 997 997 997 997 997 997 997 997 997 997 997 997 997 997 997 997 997 997 997 997 997 997 997 997 997 997 997 997 997 997 997 997 997 997 997 997 997 997 997 997 997 997 997 997 997 997 997 997 997 997 997 997 997 997 997 997 997 997 997 997 997 997 997 997 997 997 997 997 997 997 997 997 997 997 997 997 997 997 997 997 997 997 997 997 997 997 997 997 997 997 997 997 997 997 997 997 997 997 997 997 997 997 997 997 997 997 997 997 997 997 997 997 997 997 997 997 997 997 997 997 997 997 997 997 997 997 997 997 997 997 997 997 997 997 997 997 997 997 997 997 997 997 997 997 997 997 997 997 997 997 997 997 997 997 997 997 997 997 997 997 997 997 997 997 997 997 997 997 997 997 997 997 997 997 997 997 997 997 997 997 997 997 997 997 997 997 997 997 997 997 997 997 997 997 997 997 997 997 997 997 997 997 997 997 997 997 997 997 997 997 997 997 997 997 997 997 997 997 997 997 997 997 997 997 997 997 997 997 997 997 997 997 997 997 997 997 997 997 997 997 997 997 997 997 997 997 997 997 997 997 997 997 997 997 997 997 997 997 997 997 997 997 997 997 997 997 997 997 997 997 997 997 997 997 997 997 997 997 997 997 997 997 997 997 997 997 997 997 997 997 997 997 997 997 997 997 997 997 997 997 997 997 997
----
Test 8
##
934
663
69
128 31 221 659 493 247 252 264 227 426 177 31 184 768 435 60 894 117 401 469 424 555 883 717 834 880 484 546 831 872 564 169 88 12 599 11 903 492 910 645 478 582 567 765 849 146 143 737 574 233 874 502 478 495 968 389 74 936 104 623 509 360 520 920 926 975 503 446 200 2 731 121 320 723 384 817 297 959 504 98 837 18 922 410 204 849 362 148 239 107 182 709 301 325 948 692 85 405 683 221 600 22 696 155 381 862 450 434 173 417 380 529 883 425 309 923 512 571 429 120 925 866 745 579 915 405 681 627 820 528 951 990 313 220 544 759 989 955 512 614 347 505 89 576 583 451 838 752 781 566 864 611 735 215 317 300 104 556 221 706 255 484 453 103 362 385 859 425 482 417 24 833 766 770 416 150 685 778 627 230 110 171 375 8 346 361 434 334 613 632 662 158 717 440 267 691 669 471 470 974 104 434 392 298 66 509 67 463 201 683 684 747 271 157 983 621 346 509 941 109 409 925 347 508 558 588 852 824 1 695 848 526 94 510 290 712 503 670 541 183 983 260 217 570 99 145 265 826 594 878 26 715 935 973 781 338 660 642 602 71 411 792 702 568 695 339 885 581 223 222 528 617 819 925 354 850 864 92 73 114 738 295 565 788 730 762 712 404 177 342 570 807 231 522 358 884 642 281 381 505 730 516 433 97 233 589 497 799 390 497 929 23 747 831 397 744 526 883 989 124 640 907 266 486 518 277 378 969 735 268 403 440 748 420 140 698 564 352 981 432 487 936 926 379 733 558 65 772 443 100 853 753 74 854 7 21 217 8 109 426 511 267 195 302 649 288 717 812 898 919 440 565 267 911 485 55 415 219 579 263 145 232 369 422 37 635 538 504 153 469 124 408 791 352 233 966 902 268 479 225 125 38 541 801 359 376 878 244 957 357 213 298 948 118 732 836 976 682 541 848 337 817 408 628 63 765 340 252 789 262 953 849 983 666 278 885 599 512 458 176 98 229 760 982 536 957 622 472 991 951 933 152 769 89 946 769 806 733 807 775 248 685 98 112 821 321 725 668 754 109 888 842 453 652 47 797 633 753 609 41 280 786 737 337 284 944 166 779 145 77 318 298 557 290 636 838 995 823 396 686 982 382 788 551 18 912 743 169 123 588 334 47 76 170 842 351 297 808 488 712 848 899 67 712 314 449 436 293 137 348 819 561 426 745 306 860 610 773 636 244 280 310 447 340 779 637 66 255 645 867 211 476 361 636 759 92 895 953 757 431 472 791 841 753 655 689 213 82 612 220 568 402 916 829 69 738 586 746 395 896 756 882 331 719 457 916 456 229 84 729 17 715 562 324 962 827 844 885 619 272 632 650 967 111 422 877 178 93 818 953 292 829 529 392 794 253 654 892 770 426 752 959 355 601 750 973 932 541 710 512 144 184 675 427 999 38 16 581 208 208 19 344 829 541 762 945 885 230 73 656 880 216 973 475 652 537 35 987 736 754 277 648 109 58 374 220 34 951 493 556 667 94 575 848 828 930 183 545 398 945 864 583 345 975 399 765 369 215 732 341 799 328 800 836 774 787 767 40 274 239 943 658 951 53 582 264 768 185 323 95 480 596 469 47 341 835 564 634 380 931 945 121 488 201 495 567 927 89 869 725 765 565 719 265 681 564 271 791 332 592 991 548 364 936 489 486 126 127 823 201 976 917 260 698 136 143 650 680 125 574 992 235 300 326 968 206 196 764 369 738 512 580 652 643 537 455 689 484 877 593 195 187 777 723 185 460 925 950 715 144 631 217 137 165 307 888 907 161 535 611 105 954 948 771 939 218 451 688 122 555 357 708 649 474 304 598 596 972 615 510 840 598 880 149 6 951 402 652 214 924 902 58 510 911 380 94 998 679 923 523 643 53 595 50 289 912 548 682 721 692 555 715 312 242 186 12 315 897 386 879 866 164 841 82 357 924 150 583 362 901 258 126 697 175 755 306 275 469 172 661 968 615 490 657 745 490 30 596 361 163 399 971 530 449 240 393 951 287 212 612 484 892 969 514 408 786 202 997 328 974 25 249 575 487 644 293 801 477 199 77 103 12 775 327 601 853 729 237 196 233 67 292 565 591
##
975 975 975 975 975 975 975 975 975 975 975 975 975 975 975 975 975 975 975 975 975 975 975 975 975 975 975 975 975 975 975 975 975 975 975 975 975 975 975 975 975 975 975 975 975 975 975 975 975 975 975 975 975 975 975 975 975 975 975 975 975 975 975 990 990 990 990 990 990 990 990 990 990 990 990 990 990 990 990 990 990 990 990 990 990 990 990 990 990 990 990 990 990 990 990 990 990 990 990 990 990 990 990 990 990 990 990 990 990 990 990 990 990 990 990 990 990 990 990 990 990 990 990 990 990 990 990 990 990 990 990 990 989 989 989 989 989 974 974 974 974 974 974 974 974 974 983 983 983 983 983 983 983 983 983 983 983 983 983 983 983 983 983 983 983 983 983 983 983 983 983 983 983 983 983 983 983 983 983 983 983 983 983 983 983 983 983 983 983 983 983 983 983 983 983 983 983 983 983 983 983 983 983 983 983 983 983 983 983 983 983 983 983 983 983 983 983 983 983 983 983 983 983 983 983 983 983 983 983 983 983 983 983 983 983 983 983 983 983 983 983 973 973 973 973 973 973 973 973 973 989 989 989 989 989 989 989 989 989 989 989 989 989 989 989 989 989 989 989 989 989 989 989 989 989 989 989 989 989 989 989 989 989 989 989 989 989 989 989 989 989 989 989 989 989 989 989 989 989 989 989 989 989 989 989 989 989 989 989 989 989 989 989 989 989 989 989 989 989 981 981 981 981 981 981 981 981 981 981 981 981 981 981 981 981 981 981 981 981 966 966 966 966 966 966 966 966 966 976 976 976 976 976 976 976 976 976 976 976 976 976 976 976 976 983 983 983 983 983 983 983 983 983 983 983 983 983 983 983 983 991 991 991 991 991 991 991 991 991 991 991 991 991 991 991 991 991 991 991 991 991 991 991 991 991 991 991 991 991 991 991 991 991 991 991 991 991 991 991 991 991 991 991 991 991 991 991 991 995 995 995 995 995 995 995 995 995 995 995 995 995 995 995 995 995 995 995 995 995 995 995 995 995 995 995 995 995 995 995 995 995 995 995 995 995 995 995 995 995 995 995 995 995 995 995 995 995 995 995 995 995 995 995 995 995 995 995 995 995 995 995 995 995 995 995 995 995 982 982 982 982 953 953 953 953 953 953 953 953 953 953 953 953 953 953 953 953 953 953 953 953 953 953 953 953 953 962 962 962 962 962 962 962 962 967 967 967 967 967 967 967 967 967 967 967 967 967 967 967 967 967 967 967 967 967 967 967 973 973 973 973 973 973 973 973 973 999 999 999 999 999 999 999 999 999 999 999 999 999 999 999 999 999 999 999 999 999 999 999 999 999 999 999 999 999 999 999 999 999 999 999 999 999 999 999 999 999 999 999 999 999 999 999 999 999 999 999 999 999 999 999 999 999 999 999 999 999 999 999 999 999 999 999 999 999 987 987 987 987 987 987 987 987 987 987 987 987 987 987 987 987 987 987 987 987 987 987 987 975 975 975 975 975 58 374 220 34 951 493 556 667 94 575 848 828 930 183 545 398 945 864 583 345 975 399 765 369 215 732 341 799 328 800 836 774 787 767 40 274 239 943 658 951 53 582 264 768 185 323 95 480 596 469 47 341 835 564 634 380 931 945 121 488 201 495 567 927 89 869 725 765 565 719 265 681 564 271 791 332 592 991 548 364 936 489 486 126 127 823 201 976 917 260 698 136 143 650 680 125 574 992 235 300 326 968 206 196 764 369 738 512 580 652 643 537 455 689 484 877 593 195 187 777 723 185 460 925 950 715 144 631 217 137 165 307 888 907 161 535 611 105 954 948 771 939 218 451 688 122 555 357 708 649 474 304 598 596 972 615 510 840 598 880 149 6 951 402 652 214 924 902 58 510 911 380 94 998 679 923 523 643 53 595 50 289 912 548 682 721 692 555 715 312 242 186 12 315 897 386 879 866 164 841 82 357 924 150 583 362 901 258 126 697 175 755 306 275 469 172 661 968 615 490 657 745 490 30 596 361 163 399 971 530 449 240 393 951 287 212 612 484 892 969 514 408 786 202 997 328 974 25 249 575 487 644 293 801 477 199 77 103 12 775 327 601 853 729 237 196 233 67 292 565 591
----
Test 9
##
259
355
14
910 156 581 152 479 36 529 326 974 229 538 703 357 595 916 365 570 914 351 428 132 372 547 236 260 629 282 162 281 550 895 21 1 646 589 633 61 377 436 64 524 33 732 949 481 507 787 262 941 973 131 126 903 297 78 921 465 127 791 85 395 476 598 578 81 124 730 30 73 805 44 47 166 243 93 169 128 133 559 604 545 676 662 265 988 489 496 712 422 80 277 421 864 365 411 833 596 724 991 965 469 481 940 383 571 60 928 475 296 647 394 964 791 831 596 119 308 872 93 737 978 837 806 277 966 553 362 738 158 162 112 198 988 384 990 686 853 78 567 791 626 576 303 740 898 196 618 348 284 449 404 705 482 265 443 398 781 176 992 456 497 172 549 664 103 925 547 707 401 463 948 233 294 790 421 100 173 784 142 729 741 748 780 741 933 622 451 813 815 202 155 375 564 798 834 309 935 336 647 751 828 980 356 403 813 799 560 295 394 627 822 767 240 406 693 106 778 962 766 577 457 307 811 366 284 762 58 904 304 391 824 151 500 167 727 860 201 923 37 508 314 930 232 767 715 833 961 928 256 184 789 705 819 527 77 481 772 36 781
##
974 974 974 974 974 974 974 974 974 916 916 916 916 916 916 914 914 949 949 949 949 949 949 973 973 973 973 973 973 973 973 973 973 973 973 973 973 973 973 973 973 973 973 973 973 973 973 973 973 973 921 921 921 921 921 921 805 805 988 988 988 988 988 988 988 988 988 988 988 988 988 988 991 991 991 991 991 991 991 991 991 991 991 991 991 991 991 991 991 991 991 991 991 991 991 991 991 991 991 965 964 964 964 964 964 964 964 978 978 978 978 978 978 978 978 978 978 978 978 988 988 990 990 990 990 990 990 990 990 990 990 990 990 990 990 898 898 898 898 898 898 898 898 898 898 992 992 992 992 992 992 992 992 992 992 992 992 992 992 948 948 948 948 948 948 948 948 948 948 948 948 933 933 933 933 933 933 933 933 933 933 933 933 935 935 935 935 935 980 980 980 980 980 980 980 980 980 980 980 980 980 980 822 822 962 962 962 962 962 962 962 962 962 962 962 962 962 962 904 904 904 904 904 904 923 923 923 923 930 930 930 930 930 961 961 961 961 961 961 961 961 961 961 961 961 961 974 974 974 974 974 974 974 974 974 974 974 974 974
----
Test 10
##
372
852
655
473 193 984 497 79 685 946 408 71 410 567 581 545 663 569 902 47 950 751 365 308 481 547 537 878 173 489 433 851 447 670 18 381 690 556 981 229 380 198 387 448 204 556 212 91 15 470 942 962 795 219 383 47 686 812 36 123 427 4 609 683 636 671 873 977 234 949 709 646 129 74 82 462 653 804 348 578 283 275 146 585 269 74 136 894 294 445 634 954 250 156 77 167 803 637 572 570 57 123 36 593 601 464 853 881 881 671 304 907 386 498 101 675 209 132 659 797 926 953 538 840 455 550 490 997 64 995 61 637 147 683 471 650 941 261 251 248 727 77 143 437 153 519 738 40 701 969 106 654 400 107 869 809 565 138 428 999 842 251 526 836 498 53 95 458 486 172 981 838 214 534 345 973 505 795 617 142 962 951 245 401 319 829 271 881 871 334 408 744 605 881 658 766 569 300 624 784 601 88 379 856 718 74 60 665 442 918 626 669 649 474 127 99 926 283 554 497 499 281 190 812 312 765 382 361 645 95 959 780 827 416 378 215 195 433 470 925 701 141 572 459 412 43 805 367 803 696 134 464 762 423 351 171 150 656 481 522 152 746 516 214 590 191 128 968 650 94 268 71 740 470 2 957 873 568 170 311 297 744 855 33 74 631 190 914 366 106 497 79 878 931 339 673 79 87 188 137 12 922 873 487 710 356 704 860 277 126 348 700 909 443 834 883 821 686 962 671 248 806 228 994 612 298 575 822 903 715 78 68 226 170 804 897 980 977 806 659 274 255 821 926 929 733 750 657 119 970 718 821 609 378 872 889 757 622 356 239 789 943 388 2 640 421 111 829 576 436 848 470 329 313 877
##
999 999 999 999 999 999 999 999 999 999 999 999 999 999 999 999 999 999 999 999 999 999 999 999 999 999 999 999 999 999 999 999 999 999 999 999 999 999 999 999 999 999 999 999 999 999 999 999 999 999 999 999 999 999 999 999 999 999 999 999 999 999 999 999 999 999 999 999 999 999 999 999 999 999 999 999 999 999 999 999 999 999 999 999 999 999 999 999 999 999 999 999 999 999 999 999 999 999 999 999 999 999 999 999 999 999 999 999 999 999 999 999 999 999 999 999 999 999 999 999 999 999 999 999 999 999 999 999 999 999 999 999 999 999 999 999 999 999 999 999 999 999 999 999 999 999 999 999 999 999 999 999 999 999 999 999 999 999 999 999 999 999 999 999 999 999 999 999 999 999 999 999 999 999 999 999 999 999 999 999 999 999 999 999 999 999 999 999 999 999 999 999 999 999 999 999 999 999 999 999 999 999 999 999 999 999 999 999 999 999 999 999 999 999 999 999 999 999 999 999 999 999 999 999 999 999 999 999 999 999 999 999 999 999 999 999 999 999 999 999 999 999 999 999 999 999 999 999 999 999 999 999 999 999 999 999 999 999 999 999 999 999 999 999 999 999 999 999 999 999 999 999 999 999 999 999 999 999 999 999 999 999 999 999 999 999 999 999 999 999 999 999 999 999 999 999 999 999 999 999 999 999 999 999 999 999 999 999 999 999 999 999 999 999 999 999 999 999 999 999 999 999 999 999 999 999 999 999 999 999 999 999 999 999 999 999 999 999 999 999 999 999 999 999 999 999 999 999 999 999 999 999 999 999 999 999 999 999 999 999 999 999 999 999 999 999 999 999 999 999 999 999
----
